1864 
1864 
1864 
1863 
1863 
1864 
1863 
1863 
1864 
1864 
1864 
1864 
1864 
1864 
1863 
1864 
1863 
1863 
1863 
1863 
1863 
1863 
1864 
1864 
1864 
1863 
1863 
1863 
1863 
1864 
1862 
1865 
1866 
1864 
1864 
1863 
1864 
1863 
1863 
1864 
1862 
1863 
1864 
1864 
1864 
1864 
1864 
1864 
1863 
1863 
1861 
1863 
1864 
1864 
1864 
1864 
1864 
1864 
1863 
1864 
1863 
1863 
1863 
1863 
1863 
1864 
1864 
1864 
1864 
1864 
1864 
1863 
1863 
1864 
1864 
1863 
1864 
1864 
1851 
1861 
1863 
1863 
1863 
1864 
1863 
1863 
1863 
1863 
1864 
1864 
1864 
1864 
1864 
1864 
1863 
1863 
1863 
1863 
1864 
1863 
1864 
1864 
1864 
1864 
1863 
1863 
1863 
1863 
1863 
1864 
1864 
1863 
1865 
1864 
1863 
1864 
1864 
1863 
1863 
1863 
1863 
1864 
1864 
1864 
1864 
1864 
1864 
1863 
1863 
1863 
1863 
1863 
1863 
1864 
1864 
1864 
1864 
1864 
1863 
1863 
1863 
1863 
1863 
1864 
1864 
1864 
1864 
1864 
1864 
1863 
1863 
1863 
1863 
1863 
1863 
1864 
1864 
1864 
1864 
1863 
1863 
1861 
1860 
1864 
1864 
1865 
1864 
1864 
1864 
1864 
1864 
1863 
1863 
1863 
1863 
1863 
1863 
1863 
1864 
1864 
1864 
1864 
1863 
1863 
1863 
1863 
1863 
1863 
1864 
1865 
1865 
1865 
1864 
1864 
1863 
1863 
1864 
1864 
1863 
1863 
1864 
1864 
1864 
1864 
1864 
1863 
1864 
1863 
1863 
1863 
1864 
1864 
1864 
1864 
1864 
1864 
1864 
1861 
1864 
1863 
1863 
1863 
1863 
1864 
1864 
1864 
1864 
1864 
1864 
1863 
1863 
1863 
1863 
1864 
1864 
1864 
1865 
1864 
1864 
1864 
1864 
1863 
1863 
1863 
1863 
1863 
1864 
1865 
1864 
1864 
1863 
1863 
1863 
1863 
1863 
1864 
1864 
1864 
1865 
1864 
1864 
1864 
1863 
1863 
1863 
1863 
1863 
1864 
1864 
1864 
1864 
1864 
1864 
1863 
1863 
1863 
1863 
1864 
1864 
1864 
1864 
1864 
1864 
1864 
1863 
1863 
1864 
1863 
1863 
1864 
1864 
1864 
1864 
1864 
1864 
1864 
1863 
1863 
1865 
1863 
1863 
1864 
1864 
1864 
1864 
1864 
1864 
1863 
1864 
1863 
1863 
1863 
1864 
1863 
1864 
1864 
1864 
1863 
1863 
1863 
1863 
1863 
1864 
1863 
1864 
1864 
1864 
1864 
1864 
1863 
1863 
1863 
1863 
1863 
1864 
1864 
1864 
1864 
1864 
1864 
1863 
1863 
1863 
1863 
1863 
1864 
1864 
1864 
1865 
1864 
1864 
1864 
1864 
1863 
1863 
1863 
1863 
1862 
1864 
1864 
1864 
1864 
1864 
1864 
1863 
1863 
1863 
1863 
1864 
1864 
1865 
1864 
1864 
1864 
1864 
1863 
1863 
1864 
1863 
1864 
1863 
1863 
1864 
1865 
1864 
1864 
1864 
1863 
1863 
1864 
1863 
1864 
1865 
1864 
1875 
1863 
1863 
1864 
1863 
1863 
1863 
1863 
1864 
1864 
1864 
1864 
1864 
1864 
1864 
1863 
1863 
1863 
1864 
1863 
1864 
1864 
1864 
1862 
1864 
1864 
1864 
1863 
1863 
1863 
1863 
1863 
1864 
1864 
1864 
1864 
1864 
1863 
1863 
1864 
1863 
1863 
1863 
1864 
1864 
1864 
1864 
1864 
1863 
1863 
1863 
1863 
1863 
1863 
1863 
1863 
1866 
1864 
1863 
1864 
1863 
1863 
