1825 
1825 
1825 
1825 
1825 
1827 
1826 
1824 
1826 
1826 
1825 
1825 
1825 
1825 
1826 
1826 
1825 
1825 
1826 
1826 
1825 
1825 
1825 
1825 
1825 
1825 
1825 
1825 
1826 
1826 
1826 
1826 
1825 
1825 
1825 
1825 
1825 
1825 
1826 
1826 
1825 
1825 
1826 
1825 
1825 
1825 
1825 
1825 
1825 
1826 
1826 
1826 
1827 
1826 
1825 
1825 
1825 
1825 
1825 
1826 
1826 
1826 
1826 
1826 
1826 
1825 
1825 
1825 
1825 
1825 
1825 
1826 
1826 
1826 
1825 
1825 
1825 
1825 
1825 
1826 
1824 
1826 
1826 
1825 
1826 
1826 
1825 
1825 
1826 
1824 
1825 
1825 
1826 
1825 
1826 
1825 
1825 
1825 
1826 
1825 
1825 
1825 
1825 
1826 
1826 
1826 
1826 
1825 
1825 
1825 
1825 
1825 
1825 
1825 
1825 
1825 
1826 
1825 
1825 
1825 
1825 
1825 
1825 
1826 
1825 
1826 
1825 
1826 
1825 
1825 
1825 
1825 
1824 
1825 
1825 
1825 
1826 
1826 
1826 
1826 
1826 
1825 
1825 
1825 
1825 
1825 
1825 
1825 
1826 
1826 
1825 
1825 
