1784 
1784 
1783 
1784 
1784 
1784 
1784 
1784 
1783 
1783 
1784 
1783 
1783 
1784 
1784 
1784 
1784 
1784 
1784 
1783 
1783 
1784 
1784 
1783 
1784 
1784 
1784 
1784 
1785 
1784 
1781 
1783 
1784 
1784 
1784 
1784 
1784 
1784 
1784 
1784 
1783 
1783 
1783 
1785 
1784 
1783 
1784 
1784 
1784 
1783 
1786 
1784 
1784 
1783 
1780 
1784 
1783 
1784 
1784 
1784 
1784 
1784 
1783 
1792 
1783 
1783 
1783 
1784 
1784 
1784 
1784 
1784 
1784 
1784 
1783 
1783 
1783 
1782 
1783 
1783 
1784 
1784 
1783 
1782 
1785 
1784 
1783 
1784 
1784 
1783 
1783 
1784 
1784 
1782 
1783 
1783 
1784 
1783 
1783 
1783 
1783 
1783 
1784 
1783 
1784 
1784 
1783 
1784 
1784 
1783 
1783 
1784 
1784 
1784 
1784 
1783 
1784 
1784 
1783 
1784 
1785 
1782 
1784 
1783 
1781 
1786 
1784 
1784 
1783 
1783 
1783 
1785 
1785 
1783 
1784 
1784 
1785 
1784 
1784 
1783 
1783 
1782 
1783 
1783 
1783 
1784 
1784 
1784 
1784 
1784 
1783 
1783 
1783 
1783 
1783 
1784 
1783 
1784 
1784 
1784 
1784 
1783 
1783 
1783 
1784 
1783 
1783 
1783 
1783 
1784 
1784 
1784 
1784 
1783 
1783 
1783 
1783 
1783 
1783 
1784 
1784 
1784 
1784 
1783 
1783 
1783 
1783 
1783 
1784 
1783 
1784 
1784 
1784 
1784 
1784 
1784 
1783 
1783 
1784 
1783 
1784 
1784 
1784 
1784 
1784 
1783 
1784 
1783 
1783 
1783 
1784 
1783 
1783 
1784 
1784 
1784 
1784 
1784 
1783 
1783 
1783 
1783 
1783 
1784 
1784 
1783 
1784 
1784 
1784 
1785 
1783 
