1749 
1749 
1749 
1749 
1749 
1749 
1749 
1749 
1749 
1749 
1748 
1749 
1750 
1749 
1749 
1750 
1749 
1749 
1749 
1750 
1749 
1749 
1749 
1749 
1749 
1749 
1749 
1749 
1749 
1749 
1750 
1749 
1749 
1749 
1749 
1749 
1749 
1749 
1749 
1750 
1749 
1749 
1749 
1749 
1748 
1749 
1749 
1749 
1749 
1749 
1749 
1749 
1749 
1749 
1749 
1749 
1750 
1749 
1749 
1749 
1749 
1749 
1749 
1749 
1749 
1749 
1749 
1749 
1749 
1749 
1749 
1749 
1749 
1749 
1749 
1749 
1749 
1749 
1749 
1749 
1749 
1749 
1749 
1749 
1749 
1749 
1749 
1749 
1749 
1748 
1749 
1748 
1749 
1749 
1749 
1749 
1750 
1749 
1749 
1749 
1749 
1748 
1749 
1749 
1749 
1750 
1749 
1749 
1749 
1750 
1749 
1748 
1749 
1748 
1748 
1748 
1749 
1749 
1749 
1749 
1751 
1748 
1750 
1748 
1748 
1749 
1749 
1749 
1749 
1749 
1749 
1749 
1749 
1749 
1749 
1748 
1748 
1748 
1749 
1749 
1749 
1749 
1749 
1749 
1749 
1749 
1748 
1749 
1748 
1749 
1749 
1749 
1749 
1749 
1749 
1751 
1748 
1748 
1748 
1749 
1748 
1749 
1748 
1749 
1749 
1749 
1749 
1748 
1748 
1750 
1748 
1748 
1748 
1749 
1749 
1748 
1749 
1749 
1748 
1748 
1748 
1748 
1748 
1748 
1749 
1749 
1748 
1749 
1749 
1749 
1749 
1748 
1749 
1748 
1749 
1749 
1749 
1749 
1749 
1748 
1749 
1749 
1748 
