1706 
1705 
1705 
1706 
1706 
1705 
1706 
1706 
1706 
1705 
1706 
1706 
1705 
1705 
1705 
1705 
1705 
1706 
1705 
1706 
1706 
1705 
1705 
1705 
1707 
1705 
1705 
1704 
1706 
1706 
1706 
1706 
1705 
1704 
1705 
1705 
1705 
1705 
1705 
1705 
1706 
1706 
1705 
1705 
1705 
1705 
1704 
1704 
1706 
1705 
1706 
1706 
1705 
1705 
1705 
1705 
1704 
1704 
1705 
1704 
1705 
1705 
1706 
1704 
1705 
1705 
1705 
1705 
1704 
1705 
1705 
1705 
1705 
1705 
1705 
1705 
1704 
1705 
1704 
1704 
1703 
1705 
1705 
1705 
1705 
1705 
1705 
1704 
1705 
1704 
1705 
1704 
1705 
1705 
1705 
1705 
1705 
1704 
1705 
1704 
1704 
1705 
1705 
1703 
1705 
1705 
1705 
1705 
1705 
1705 
1705 
1705 
1705 
1706 
1705 
1705 
1705 
1703 
1705 
1704 
1700 
1704 
1702 
1703 
1705 
1705 
1705 
1700 
1704 
1705 
1704 
1704 
1705 
1703 
1704 
1703 
1704 
1706 
1706 
1703 
1707 
1704 
1704 
1703 
1705 
1706 
1704 
1704 
1707 
1705 
1706 
1704 
