1661 
1661 
1661 
1661 
1660 
1661 
1660 
1661 
1661 
1661 
1661 
1661 
1661 
1660 
1660 
1660 
1660 
1660 
1660 
1661 
1660 
1661 
1659 
1661 
1659 
1661 
1660 
1661 
1660 
1661 
1660 
1663 
1660 
1659 
1660 
1655 
1660 
1659 
1659 
1661 
1661 
1660 
1660 
1660 
1660 
1660 
1660 
1660 
1659 
1660 
1658 
1659 
1659 
1659 
1659 
1659 
1650 
1659 
1658 
1659 
1659 
1658 
1660 
1659 
1659 
1660 
1661 
1659 
1659 
1659 
1659 
1659 
1658 
1659 
1659 
1658 
1659 
1662 
1652 
1657 
1658 
1658 
1658 
1659 
1659 
1658 
1658 
1659 
1644 
1660 
1658 
1657 
1658 
1658 
1658 
1657 
1658 
1658 
1658 
1657 
1659 
1658 
1657 
1658 
1657 
1657 
1657 
1658 
1657 
1657 
1657 
1658 
1658 
1657 
1658 
1657 
1657 
1658 
1657 
1656 
1657 
1657 
1656 
1658 
1657 
1657 
1656 
1657 
1656 
1657 
1656 
1658 
1655 
1657 
1656 
1657 
1657 
1656 
1657 
1657 
1656 
1656 
1656 
1652 
1657 
1656 
1656 
1656 
1655 
1656 
1655 
1656 
1656 
1655 
1644 
1656 
1657 
1655 
1656 
1654 
1655 
1662 
1655 
1655 
1655 
1655 
1655 
1655 
1655 
1655 
1668 
1655 
1655 
1655 
1655 
1655 
1653 
1654 
1655 
1656 
1655 
1655 
1654 
1653 
1654 
1655 
1654 
1654 
1654 
1654 
1654 
1656 
1655 
1653 
1653 
1654 
1654 
1654 
1655 
1657 
1653 
1655 
1653 
16