1573 
1573 
1574 
1573 
1574 
1574 
1573 
1573 
1573 
1575 
1572 
1574 
1573 
1575 
1572 
1576 
1572 
1574 
1574 
1573 
1534 
1571 
1573 
1572 
1574 
1573 
1573 
1573 
1573 
1574 
1573 
1574 
1573 
1573 
1573 
1574 
1573 
1573 
1573 
1573 
1573 
1573 
1573 
1573 
1573 
1574 
1573 
1573 
1573 
1573 
1573 
1573 
1573 
1573 
1573 
1573 
1573 
1573 
1573 
1573 
1574 
1572 
1574 
1574 
1573 
1573 
1573 
1573 
1575 
1573 
1573 
1574 
1573 
1572 
1573 
1573 
1573 
1573 
1573 
1575 
1572 
1576 
1574 
1572 
1573 
1573 
1573 
1572 
1573 
1574 
1573 
1571 
1572 
1573 
1572 
1573 
1573 
1573 
1573 
1574 
1573 
1572 
1572 
1570 
1573 
1573 
1573 
1573 
1573 
1573 
1572 
1573 
1573 
1572 
1572 
1573 
1579 
1578 
1571 
1573 
1572 
1572 
1573 
1573 
1572 
1573 
1573 
1573 
1573 
1573 
1573 
1573 
1573 
1574 
1573 
1573 
1573 
1573 
1573 
1573 
1573 
1573 
1571 
1573 
1573 
1574 
1574 
1573 
1574 
1573 
1575 
1573 
1574 
1573 
1573 
1574 
1573 
1573 
1574 
1571 
1573 
1572 
1572 
1573 
1570 
1572 
1573 
1572 
1573 
1572 
1572 
1572 
1572 
1573 
1573 
1574 
1573 
1573 
1573 
1573 
1572 
1573 
1573 
1573 
1572 
1572 
