1537 
1534 
1535 
1537 
1537 
1537 
1538 
1536 
1537 
1536 
1537 
1537 
1537 
1537 
1537 
1537 
1536 
1537 
1538 
1538 
1537 
1535 
1538 
1534 
1537 
1537 
1537 
1536 
1537 
1542 
1534 
1536 
1536 
1537 
1542 
1537 
1537 
1538 
1537 
1538 
1537 
1536 
1537 
1538 
1537 
1536 
1535 
1535 
1532 
1539 
1545 
1539 
1534 
1536 
1536 
1537 
1537 
1537 
1537 
1537 
1537 
1537 
1536 
1534 
1535 
1537 
1537 
1536 
1537 
1536 
1536 
1537 
1535 
1537 
1534 
1540 
1537 
1533 
1537 
1534 
1537 
1537 
1537 
1537 
1536 
1537 
1537 
1537 
1540 
1537 
1537 
1537 
1537 
1536 
1536 
1537 
1537 
1537 
1536 
1537 
1537 
1537 
1537 
1537 
1537 
1536 
1538 
1536 
1538 
1536 
1537 
1536 
1537 
1537 
1536 
1536 
1536 
1535 
1534 
1537 
1537 
1536 
1537 
1537 
1537 
1536 
1537 
1536 
1536 
1537 
1535 
1536 
1536 
1535 
1537 
1535 
1533 
1536 
1537 
1537 
1537 
1537 
1535 
1537 
1537 
1537 
1537 
1537 
1537 
1537 
1537 
1537 
1538 
1538 
1535 
1536 
1537 
1536 
1537 
1537 
1537 
1536 
1537 
1537 
1537 
1537 
1535 
1536 
1536 
1537 
1537 
1537 
1536 
1541 
1536 
1537 
1537 
1538 
1537 
1534 
1537 
1537 
1537 
1537 
1537 
1538 
1536 
1538 
1638 
1550 
1532 
1533 
1532 
1532 
1533 
1533 
1535 
1533 
1533 
1533 
1533 
1533 
1533 
1533 
1532 
1533 
1533 
1533 
1533 
1532 
1534 
1532 
1532 
1533 
1534 
1532 
1531 
1533 
1533 
1532 
1532 
1533 
1532 
1533 
1533 
1533 
1534 
1533 
1533 
1532 
1533 
1534 
1533 
1533 
1533 
1533 
1533 
1533 
1533 
1532 
1534 
1532 
1533 
1533 
1533 
1533 
1534 
1534 
1533 
1532 
1532 
1533 
1533 
1533 
1533 
1532 
1533 
1533 
1533 
1533 
1533 
1533 
1533 
1533 
1534 
1533 
1533 
1533 
1533 
1532 
1533 
1533 
1533 
1532 
1532 
1532 
1533 
1534 
1533 
1532 
1532 
1533 
1532 
1532 
1533 
1533 
1532 
1533 
1533 
1532 
1533 
1533 
1532 
