1490 
1489 
1489 
1490 
1491 
1491 
1490 
1488 
1490 
1491 
1476 
1482 
1493 
1491 
1491 
1490 
1490 
1489 
1490 
1492 
1491 
1491 
1490 
1491 
1490 
1491 
1488 
1489 
1492 
1477 
1490 
1490 
1490 
1488 
1490 
1490 
1491 
1488 
1493 
1491 
1490 
1490 
1490 
1490 
1489 
1490 
1489 
1490 
1490 
1489 
1489 
1489 
1489 
1490 
1488 
1489 
1491 
1489 
1490 
1493 
1491 
1491 
1489 
1490 
1490 
1489 
1490 
1487 
1488 
1490 
1490 
1489 
1489 
1486 
1488 
1489 
1488 
1488 
1488 
1489 
1486 
1490 
1488 
1489 
1489 
1489 
1490 
1488 
1489 
1488 
1489 
1489 
1490 
1490 
1489 
1495 
1486 
1492 
1489 
1489 
1488 
1488 
1493 
1489 
1490 
1488 
1490 
1488 
1489 
1489 
1492 
1486 
1488 
1490 
1488 
1488 
1488 
1487 
1488 
1490 
1489 
1488 
1489 
1488 
1487 
1489 
1489 
1489 
1482 
1488 
1489 
1488 
1488 
1489 
1488 
1490 
1088 
1468 
1487 
1479 
1482 
1486 
1483 
1490 
1484 
1437 
1479 
1481 
1485 
1486 
1485 
1484 
1484 
1485 
1476 
1483 
1483 
1485 
1484 
1484 
1484 
1485 
1484 
1484 
1484 
1484 
1484 
1485 
1484 
1485 
1484 
1485 
1484 
1484 
1484 
1484 
1484 
1484 
1483 
1483 
1484 
1484 
1484 
1484 
1485 
1483 
1484 
1484 
1482 
1484 
1484 
1490 
1485 
1485 
1484 
1484 
1484 
1484 
1483 
1483 
1484 
1484 
1483 
1484 
1484 
1484 
1483 
1484 
1483 
1484 
1484 
1484 
1484 
1483 
1483 
1484 
1484 
1484 
1484 
1484 
1484 
1483 
1484 
1484 
1484 
1483 
1483 
1483 
1484 
1483 
1484 
1483 
1483 
1484 
1483 
1485 
1484 
1484 
1484 
1485 
1485 
1484 
1483 
1483 
1483 
1482 
1483 
1483 
1484 
1485 
1481 
1483 
1484 
1483 
1483 
1483 
1483 
1483 
1485 
1484 
1484 
1483 
1485 
1483 
1483 
1484 
1483 
1483 
1483 
1484 
1484 
1484 
1484 
1483 
1484 
1484 
1483 
1482 
1483 
1483 
1483 
1483 
1484 
1484 
1482 
1477 
1482 
1483 
1483 
1483 
1484 
1483 
1485 
1483 
1483 
1483 
1483 
1483 
1484 
1483 
1483 
1483 
1483 
1484 
1483 
1485 
1484 
1484 
1484 
1662 
1485 
1482 
1484 
1483 
1482 
1482 
1483 
1483 
1483 
1483 
1483 
1483 
1481 
1482 
1483 
1483 
1483 
1483 
1483 
1483 
1483 
1483 
1483 
1483 
1475 
1484 
1483 
1483 
1483 
1483 
1481 
1483 
1483 
1483 
1483 
1481 
1484 
1481 
1483 
1483 
1483 
1484 
1483 
1483 
1484 
1484 
1484 
1484 
1484 
1482 
1483 
1482 
1483 
1482 
1483 
1483 
1483 
1483 
1483 
1484 
1483 
1483 
1483 
1483 
1480 
1484 
1485 
1482 
1483 
1483 
1483 
1483 
1483 
1483 
1483 
1483 
1483 
1483 
1483 
1482 
1483 
1475 
1490 
1482 
1483 
1483 
1483 
1480 
1484 
1481 
1482 
1483 
1477 
1481 
1483 
1483 
1482 
1483 
1483 
1482 
1484 
1483 
1483 
