141458 
1459 
1459 
1458 
1460 
1458 
1458 
1458 
1459 
1459 
1458 
1459 
1458 
1458 
1457 
1459 
1458 
1458 
1458 
1458 
1458 
1458 
1458 
1459 
1457 
1458 
1457 
1457 
1457 
1458 
1458 
1458 
1458 
1458 
1458 
1458 
1457 
1458 
1458 
1457 
1456 
1459 
1454 
1459 
1457 
1459 
1458 
1457 
1457 
1458 
1457 
1457 
1458 
1457 
1458 
1458 
1456 
1458 
1460 
1457 
1457 
1456 
1457 
1458 
1456 
1457 
1457 
1457 
1456 
1456 
1457 
1456 
1458 
1457 
1456 
1454 
1456 
1456 
1457 
1457 
1457 
1456 
1456 
1463 
1456 
1456 
1457 
1457 
1455 
1455 
1457 
1456 
1456 
1457 
1457 
1456 
1457 
1457 
1457 
1456 
1457 
1457 
1457 
1456 
1457 
