1417 
1417 
1417 
1418 
1417 
1418 
1417 
1417 
1417 
1417 
1418 
1417 
1417 
1419 
1418 
1417 
1414 
1418 
1418 
1418 
1416 
1415 
1417 
1417 
1415 
1417 
1417 
1417 
1416 
1421 
1415 
1417 
1414 
1417 
1415 
1417 
1417 
1417 
1417 
1420 
1419 
1414 
1417 
1417 
1416 
1416 
1414 
1418 
1417 
1418 
1420 
1419 
1416 
1416 
1417 
1417 
1417 
1417 
1416 
1419 
1417 
1417 
1417 
1419 
1417 
1417 
1417 
1417 
1417 
1416 
1417 
1416 
1417 
1417 
1417 
1416 
1418 
1417 
1417 
1417 
1419 
1416 
1416 
1417 
1418 
1417 
1416 
1417 
1417 
1416 
1417 
1417 
1417 
1416 
1416 
1416 
1417 
1416 
1417 
1417 
1417 
1417 
1416 
1417 
1417 
1417 
1416 
1416 
1417 
1416 
1417 
1416 
1416 
1417 
1420 
1419 
1417 
1416 
1417 
1415 
1416 
1417 
1417 
1413 
1416 
1413 
1414 
1416 
1417 
1416 
1416 
1416 
1412 
1418 
1416 
1416 
1418 
1417 
1416 
1413 
1415 
1415 
1416 
1416 
1416 
1416 
1416 
1418 
1416 
1418 
1417 
1417 
1416 
1417 
1415 
1416 
1416 
1415 
1417 
1417 
1415 
1417 
1418 
1416 
1417 
1417 
1416 
1416 
1416 
1417 
1416 
1418 
1416 
1417 
1416 
1416 
1416 
1416 
1415 
1417 
1417 
1415 
1416 
1417 
1416 
1417 
1417 
1415 
1417 
1418 
1417 
1416 
1417 
1416 
1439 
1411 
1416 
1416 
1417 
1416 
1417 
1416 
1417 
1416 
1416 
1417 
1417 
1416 
1416 
1378 
1421 
1417 
1417 
1418 
1416 
1417 
1417 
1416 
1416 
1416 
1415 
1416 
1417 
1416 
1416 
1417 
1416 
1417 
1416 
1415 
1419 
1416 
1417 
1416 
1416 
1416 
1416 
1416 
1415 
1417 
1416 
1416 
1417 
1416 
1416 
1416 
1418 
1415 
1415 
1416 
1416 
1415 
1415 
1416 
1416 
1415 
1417 
1419 
1416 
1418 
1417 
1418 
1416 
1417 
1416 
1415 
1416 
1417 
1417 
1417 
1416 
1416 
1416 
1416 
1416 
1415 
1416 
1416 
1416 
1416 
1417 
1416 
1417 
1416 
1415 
1416 
1416 
1417 
1416 
1416 
1417 
1415 
1416 
1416 
1413 
1416 
1416 
1416 
1416 
1417 
1415 
1417 
1417 
1435 
1418 
1415 
1417 
1416 
1415 
1412 
1418 
1414 
1417 
1417 
1415 
1416 
1416 
1415 
1415 
1415 
1414 
1417 
1417 
1416 
1416 
1416 
1416 
1416 
1416 
1416 
1416 
1416 
1415 
1417 
1416 
1416 
1416 
1415 
1416 
1416 
1417 
1416 
1415 
1414 
1415 
1416 
1416 
1416 
1417 
1417 
1416 
1416 
1416 
1414 
1415 
1415 
1416 
1416 
1416 
1416 
1416 
1416 
1415 
1415 
1416 
1416 
1416 
1416 
1416 
1416 
1416 
1416 
1417 
1416 
1417 
1416 
1415 
1414 
1416 
1416 
1416 
1415 
1416 
1416 
1416 
1416 
1415 
1416 
1416 
1416 
1416 
1416 
1416 
1416 
1416 
1416 
1417 
1416 
1416 
1416 
1417 
1416 
1416 
1416 
1416 
1416 
1415 
1417 
1414 
1417 
1416 
1418 
1424 
1415 
1416 
1417 
