1938 
1936 
1936 
1935 
1935 
1937 
1935 
1935 
1935 
1935 
1934 
1935 
1935 
1934 
1934 
1932 
1934 
1933 
1934 
1933 
1933 
1933 
1933 
1933 
1933 
1934 
1933 
1933 
1933 
1933 
1931 
1932 
1931 
1931 
1932 
1932 
1931 
1932 
1932 
1931 
1931 
1932 
1938 
1930 
1930 
1931 
1931 
1931 
1932 
1931 
1930 
1932 
1930 
1930 
1931 
1930 
1930 
1930 
1930 
1929 
1930 
1929 
1928 
1929 
1929 
1929 
1928 
1929 
1929 
1928 
1930 
1929 
1929 
1929 
1928 
1929 
1928 
1927 
1928 
1928 
1928 
1928 
1928 
1928 
1927 
1928 
1928 
1927 
1928 
1928 
1928 
1927 
1927 
1928 
1927 
1928 
1927 
1927 
1927 
1927 
1927 
1927 
1926 
1926 
1926 
1926 
1926 
1926 
1925 
1928 
1927 
1926 
1927 
1926 
1927 
1923 
1928 
1925 
1926 
1926 
1927 
1925 
1925 
1926 
1926 
1926 
1925 
1925 
1925 
1925 
1925 
1926 
1925 
1925 
1926 
1925 
1925 
1925 
1925 
1925 
1924 
1922 
1924 
1925 
1925 
1925 
1924 
1924 
1924 
1925 
1921 
1923 
1924 
1925 
1924 
1924 
1924 
1924 
1924 
1924 
1918 
1922 
1923 
1924 
1924 
1924 
1923 
1923 
1923 
1923 
1923 
