1741 
1741 
1741 
1742 
1742 
1741 
1741 
1741 
1740 
1740 
1741 
1741 
1744 
1752 
1747 
1743 
1748 
1744 
1746 
1744 
1744 
1742 
1738 
1742 
1742 
1741 
1739 
1741 
1741 
1741 
1740 
1741 
1740 
1741 
1742 
1741 
1741 
1743 
1742 
1741 
1741 
1751 
1740 
1739 
1741 
1741 
1747 
1741 
1741 
1741 
1741 
1741 
1741 
1740 
1741 
1741 
1741 
1740 
1741 
1741 
1741 
1741 
1742 
1740 
1740 
1740 
1740 
1740 
1741 
1740 
1742 
1742 
1741 
1741 
1741 
1741 
1741 
1741 
1740 
1741 
1741 
1742 
1742 
1741 
1741 
1741 
1741 
1741 
1740 
1739 
1740 
1741 
1741 
1741 
1741 
1741 
1741 
1741 
1742 
1740 
1740 
1741 
1741 
1741 
1742 
1741 
1741 
1741 
1741 
1741 
1741 
1740 
1741 
1740 
1741 
1742 
1741 
1742 
1742 
1741 
1739 
1744 
1739 
1741 
1740 
1741 
1741 
1741 
1742 
1742 
1741 
1741 
1741 
1740 
1740 
1742 
1743 
1739 
1741 
1744 
1740 
1741 
1742 
1741 
1741 
1740 
1741 
1741 
1741 
1741 
1741 
1742 
1742 
1741 
1740 
1742 
1740 
1740 
1741 
1741 
1740 
1740 
1739 
1741 
1742 
1742 
1741 
1740 
1741 
1739 
1741 
1741 
1742 
1743 
1741 
1741 
1743 
1740 
1740 
1741 
1741 
1734 
1741 
1741 
1741 
1742 
1742 
1741 
1745 
1741 
1741 
1740 
1737 
1740 
1740 
1741 
1743 
1743 
1741 
1744 
1742 
1741 
1741 
1739 
1740 
1740 
1742 
1738 
1738 
1740 
1742 
1740 
1740 
1735 
1741 
1740 
1740 
1741 
1741 
1741 
1742 
1743 
1741 
1741 
1741 
1740 
1740 
1740 
1739 
1740 
1742 
1742 
1742 
1742 
1739 
1740 
1740 
1742 
1740 
1740 
1741 
1741 
1740 
1741 
1741 
1742 
1741 
1741 
1740 
1743 
1742 
1741 
1735 
1746 
1732 
1749 
1739 
1743 
1742 
1737 
1735 
1740 
1743 
1737 
1739 
1741 
1741 
1741 
1739 
1742 
1742 
1742 
1740 
1740 
1741 
1736 
1742 
1740 
1742 
1741 
1742 
1740 
1741 
1741 
1741 
1740 
1740 
1741 
1740 
1741 
1742 
1740 
1741 
1743 
1741 
1740 
1740 
1740 
1740 
1740 
1742 
1741 
1741 
1741 
1741 
1741 
1741 
1741 
1741 
1740 
1741 
1741 
1741 
1741 
1741 
1740 
1742 
1741 
1741 
1740 
1744 
1740 
1740 
1741 
1741 
1740 
1740 
1741 
1741 
1741 
1741 
1741 
1740 
1742 
1741 
1741 
1741 
1741 
1740 
1740 
1741 
