1705 
1704 
1706 
1705 
1705 
1703 
1703 
1702 
1712 
1702 
1704 
1705 
1703 
1703 
1703 
1706 
1704 
1703 
1705 
1705 
1701 
1705 
1707 
1704 
1706 
1702 
1701 
1705 
1704 
1703 
1707 
1705 
1699 
1706 
1706 
1703 
1704 
1705 
1706 
1703 
1704 
1703 
1702 
1704 
1705 
1704 
1702 
1706 
1704 
1704 
1704 
1704 
1703 
1702 
1705 
1705 
1702 
1705 
1703 
1703 
1704 
1704 
1705 
1704 
1703 
1705 
1705 
1704 
1705 
1703 
1704 
1706 
1704 
1704 
1707 
1701 
1704 
1701 
1705 
1702 
1703 
1705 
1704 
1701 
1707 
1703 
1703 
1709 
1699 
1702 
1706 
1703 
1705 
1703 
1705 
1705 
1703 
1704 
1705 
1703 
1704 
1706 
1704 
1703 
1705 
1703 
1703 
1704 
1705 
1703 
1703 
1705 
1704 
1704 
1705 
1705 
1703 
1704 
1704 
1703 
1703 
1705 
1704 
1704 
1704 
1705 
1703 
1704 
1705 
1703 
1703 
1704 
1704 
1701 
1703 
1706 
1704 
1704 
1705 
1703 
1703 
1704 
1704 
1703 
1704 
1705 
1704 
1704 
1705 
1705 
1703 
1705 
1704 
1703 
1703 
1705 
1703 
1704 
1705 
1704 
1704 
1704 
1705 
1703 
1703 
1705 
1704 
1705 
1705 
1704 
1703 
1704 
1705 
1703 
1703 
1704 
1704 
1703 
1704 
1704 
1703 
1704 
1704 
1703 
