1670 
1669 
1669 
1671 
1669 
1667 
1668 
1683 
1669 
1670 
1670 
1668 
1669 
1670 
1669 
1667 
1665 
1671 
1670 
1668 
1668 
1668 
1669 
1670 
1670 
1670 
1670 
1669 
1669 
1669 
1670 
1669 
1669 
1671 
1669 
1668 
1669 
1669 
1667 
1670 
1669 
1669 
1671 
1669 
1670 
1668 
1669 
1670 
1668 
1668 
1669 
1669 
1669 
1661 
1669 
1666 
1671 
1669 
1668 
1668 
1669 
1669 
1669 
1669 
1669 
1668 
1669 
1669 
1668 
1667 
1669 
1668 
1667 
1670 
1670 
1667 
1667 
1668 
1669 
1668 
1663 
1670 
1667 
1671 
1669 
1668 
1668 
1670 
1669 
1669 
1670 
1669 
1667 
1670 
1669 
1669 
1669 
1670 
1669 
1668 
1668 
1668 
1668 
1668 
1669 
1668 
1668 
1669 
1669 
1668 
1669 
1669 
1668 
1667 
1668 
1671 
1667 
1670 
1669 
1669 
1669 
1669 
1668 
1669 
1669 
1668 
1667 
1669 
1669 
1668 
1669 
1669 
1670 
1668 
1668 
1668 
1668 
1669 
1667 
1669 
1667 
1670 
1669 
1669 
1668 
1670 
1662 
1669 
1666 
1666 
1669 
1669 
1667 
1669 
1669 
1668 
1669 
1668 
1669 
1668 
1668 
1670 
1669 
1669 
1669 
1668 
1668 
1667 
1669 
1668 
1668 
1668 
1670 
1668 
1669 
1669 
1668 
1669 
1669 
1667 
1666 
1667 
1671 
1667 
1670 
1669 
1669 
1668 
1669 
1668 
1671 
1669 
1668 
1668 
1676 
1669 
1669 
1669 
1668 
1667 
1667 
1669 
1668 
1666 
1669 
1675 
1668 
1670 
1670 
1668 
1668 
1669 
1668 
1667 
1668 
1669 
1668 
1669 
1671 
1670 
1668 
1667 
1668 
1668 
1666 
1671 
1668 
1668 
1665 
1668 
1668 
1669 
1668 
1667 
1668 
1669 
1668 
1667 
1668 
1669 
1669 
1669 
1669 
1667 
1666 
1669 
1668 
1668 
1670 
1668 
1676 
1669 
1669 
1671 
