1622 
1623 
1623 
1622 
1623 
1623 
1622 
1622 
1623 
1622 
1629 
1619 
1616 
1623 
1625 
1622 
1622 
1623 
1624 
1623 
1623 
1623 
1623 
1622 
1623 
1623 
1623 
1622 
1623 
1623 
1622 
1623 
1623 
1623 
1623 
1623 
1623 
1622 
1623 
1623 
1622 
1626 
1622 
1622 
1620 
1624 
1622 
1622 
1622 
1622 
1623 
1623 
1623 
1623 
1622 
1623 
1623 
1624 
1623 
1623 
1621 
1621 
1623 
1623 
1621 
1622 
1623 
1622 
1622 
1623 
1622 
1622 
1623 
1622 
1622 
1623 
1623 
1622 
1625 
1622 
1625 
1623 
1623 
1625 
1620 
1623 
1623 
1622 
1622 
1623 
1622 
1622 
1624 
1623 
1622 
1623 
1625 
1620 
1623 
1623 
1623 
1621 
1622 
1623 
1621 
1621 
1623 
1622 
1622 
1623 
1621 
1620 
1624 
1623 
1622 
1622 
1623 
1622 
1623 
1622 
1623 
1622 
1623 
1622 
1622 
1622 
1622 
1620 
1622 
1622 
1621 
1624 
1624 
1622 
1621 
1622 
1621 
1622 
1622 
1622 
1622 
1620 
1622 
1622 
1622 
1622 
1622 
1623 
1622 
1626 
1624 
1622 
1623 
1618 
1623 
1623 
1621 
1623 
1622 
1623 
1622 
1621 
1622 
1627 
1622 
1622 
1623 
1622 
1621 
1622 
1623 
1621 
1622 
1623 
1621 
1622 
1623 
1623 
1621 
1622 
1622 
1621 
1622 
1623 
1622 
1621 
1623 
1623 
1622 
1622 
1623 
1622 
1622 
1622 
1621 
1621 
1622 
1623 
1619 
1622 
1622 
1621 
1622 
1622 
1622 
1621 
1622 
1622 
1621 
1622 
1623 
1621 
1622 
1622 
1621 
1621 
1622 
1623 
1622 
1621 
1622 
1622 
1622 
1621 
1622 
1621 
1621 
1622 
1622 
1622 
1622 
1622 
1621 
1622 
1622 
1621 
1621 
1622 
1620 
1621 
