1588 
1584 
1587 
1587 
1586 
1587 
1587 
1587 
1587 
1587 
1587 
1588 
1587 
1587 
1587 
1587 
1587 
1587 
1587 
1588 
1587 
1586 
1589 
1587 
1587 
1586 
1587 
1587 
1586 
1586 
1587 
1586 
1586 
1587 
1596 
1586 
1588 
1587 
1587 
1587 
1587 
1587 
1585 
1586 
1586 
1586 
1586 
1586 
1588 
1585 
1587 
1586 
1589 
1586 
1587 
1586 
1587 
1587 
1587 
1586 
1587 
1587 
1587 
1587 
1587 
1586 
1585 
1585 
1587 
1586 
1587 
1587 
1586 
1587 
1587 
1586 
1586 
1587 
1589 
1585 
1586 
1587 
1585 
1586 
1587 
1585 
1587 
1588 
1585 
1586 
1586 
1586 
1586 
1586 
1585 
1586 
1584 
1587 
1587 
1587 
1587 
1587 
1586 
1586 
1587 
1586 
1586 
1587 
1586 
1586 
1587 
1587 
1587 
1582 
1587 
1585 
1586 
1587 
1586 
1585 
1586 
1586 
1587 
1586 
1587 
1589 
1586 
1586 
1587 
1587 
1586 
1586 
1587 
1586 
1587 
1586 
1586 
1586 
1586 
1586 
1586 
1587 
1586 
1586 
1587 
1587 
1585 
1587 
1587 
1587 
1586 
1586 
1587 
1586 
1586 
1587 
1585 
1588 
1586 
1586 
1586 
1586 
1584 
1586 
1586 
1580 
1580 
1585 
1588 
1585 
1582 
1588 
1587 
1586 
1586 
1587 
1584 
1588 
1586 
1586 
1587 
1586 
1586 
1585 
1586 
1586 
1586 
1586 
1582 
1586 
1586 
1586 
1587 
1586 
1586 
1587 
1585 
1586 
1586 
1586 
1586 
1587 
1586 
1583 
1586 
1587 
1591 
1588 
1587 
1587 
1585 
1586 
1586 
1586 
1586 
1588 
1586 
1585 
1586 
1585 
1585 
1586 
1584 
1581 
1585 
1586 
1586 
1585 
1587 
1585 
1587 
1586 
1586 
1586 
1586 
1587 
1585 
