1552 
1556 
1553 
1550 
1546 
1553 
1552 
1552 
1552 
1549 
1555 
1550 
1551 
1551 
1552 
1551 
1551 
1552 
1551 
1552 
1551 
1551 
1550 
1551 
1554 
1552 
1550 
1551 
1546 
1549 
1553 
1552 
1553 
1552 
1550 
1551 
1550 
1552 
1550 
1550 
1550 
1550 
1551 
1549 
1551 
1552 
1549 
1551 
1551 
1551 
1551 
1551 
1550 
1551 
1550 
1551 
1551 
1551 
1551 
1548 
1550 
1552 
1551 
1551 
1551 
1551 
1552 
1551 
1553 
1551 
1550 
1551 
1551 
1551 
1551 
1551 
1551 
1551 
1552 
1550 
1551 
1551 
1552 
1551 
1551 
1551 
1550 
1550 
1550 
1551 
1551 
1550 
1547 
1550 
1551 
1550 
1551 
1551 
1552 
1551 
1549 
1551 
1551 
1551 
1551 
1551 
1551 
1551 
1551 
1550 
1551 
