1516 
1516 
1516 
1516 
1516 
1516 
1515 
1529 
1517 
1514 
1515 
1516 
1515 
1515 
1516 
1516 
1514 
1516 
1518 
1513 
1516 
1514 
1516 
1514 
1510 
1515 
1516 
1517 
1516 
1515 
1515 
1515 
1514 
1489 
1513 
1514 
1514 
1515 
1515 
1515 
1515 
1515 
1514 
1514 
1514 
1514 
1516 
1514 
1515 
1514 
1515 
1514 
1514 
1514 
1514 
1514 
1514 
1515 
1513 
1514 
1514 
1514 
1514 
1515 
1515 
1514 
1514 
1514 
1514 
1514 
1514 
1514 
1514 
1515 
1514 
1514 
1513 
1514 
1514 
1514 
1514 
1515 
1514 
1514 
1514 
1514 
1514 
1514 
1515 
1514 
1514 
1514 
1513 
1514 
1514 
1514 
1514 
1514 
1514 
1514 
1514 
1514 
1512 
1514 
1513 
1512 
1514 
1513 
1514 
1514 
1514 
1511 
1515 
1517 
1514 
1514 
1514 
1514 
1514 
1514 
1514 
1514 
1514 
1513 
1514 
1509 
1513 
1514 
1513 
1513 
1512 
1514 
1513 
1514 
1515 
1514 
1513 
1513 
1514 
1512 
1514 
1515 
1514 
1513 
1514 
1511 
1514 
1513 
1515 
1513 
1513 
1513 
1514 
1513 
1513 
