1488 
1489 
1488 
1488 
1487 
1488 
1486 
1488 
1485 
1486 
1486 
1486 
1487 
1487 
1485 
1486 
1487 
1487 
1483 
1484 
1484 
1484 
1485 
1485 
1485 
1483 
1484 
1483 
1483 
1486 
1484 
1483 
1483 
1483 
1484 
1483 
1483 
1484 
1481 
1483 
1483 
1483 
1482 
1483 
1481 
1481 
1483 
1483 
1482 
1480 
1482 
1482 
1482 
1482 
1482 
1482 
1482 
1482 
1481 
1482 
1484 
1482 
1480 
1481 
1481 
1481 
1480 
1481 
1480 
1481 
1481 
1482 
1482 
1481 
1482 
1481 
1481 
1481 
1479 
1482 
1481 
1481 
1480 
1481 
1480 
1481 
1482 
1481 
1481 
1481 
1480 
1480 
1481 
1481 
1481 
1480 
1480 
1480 
1479 
1479 
1484 
1480 
1481 
1480 
1480 
1473 
1476 
1480 
1480 
1474 
1478 
1479 
1496 
1486 
1482 
1479 
1479 
1482 
