1519 
1513 
1514 
1511 
1509 
1511 
1524 
1511 
1508 
1506 
1506 
1508 
1504 
1505 
1504 
1501 
1499 
1502 
1500 
1498 
1499 
1499 
1496 
1498 
1496 
1496 
1494 
1494 
1493 
1492 
1493 
1494 
1486 
1483 
1488 
1483 
1486 
1487 
1488 
1485 
1486 
1485 
1485 
1483 
1483 
1483 
1482 
1485 
1482 
1481 
1480 
1493 
1480 
1479 
1480 
1480 
1477 
1504 
1481 
1476 
1475 
1474 
1475 
1475 
1474 
1474 
1473 
1475 
1473 
1470 
1470 
1471 
1469 
1469 
1468 
1468 
1471 
1466 
1467 
1466 
1466 
1464 
1465 
1467 
1466 
1466 
1466 
1463 
1466 
1463 
1466 
1467 
1465 
1464 
1465 
1463 
1461 
1463 
1462 
1463 
1462 
1462 
1461 
1461 
1461 
1461 
1463 
1459 
1461 
1460 
1460 
1461 
1460 
1460 
1459 
1460 
1460 
1459 
1459 
1460 
1458 
1458 
1458 
1460 
1460 
1458 
1459 
1458 
1458 
1457 
1457 
1458 
1457 
1457 
1456 
1455 
1456 
1455 
1456 
1456 
1457 
1457 
1456 
1456 
1459 
1455 
1456 
1455 
1455 
1455 
1455 
1455 
1456 
1454 
1454 
1455 
1455 
1454 
1455 
1449 
1454 
1454 
1454 
1454 
1457 
1454 
1453 
1454 
1452 
1458 
1454 
1450 
1454 
1453 
1454 
1454 
1454 
1453 
1452 
1457 
1450 
1453 
1454 
1453 
1453 
1454 
1453 
1452 
1453 
1453 
1452 
1452 
1453 
1453 
1452 
1454 
1452 
1455 
1453 
1452 
1452 
1452 
1453 
1452 
1452 
1452 
1452 
1453 
1450 
1451 
1451 
1451 
1449 
1450 
1452 
1451 
1452 
1452 
1451 
1452 
1453 
1453 
1452 
1452 
1452 
1452 
1451 
1452 
1451 
1452 
1452 
1452 
1452 
1451 
1450 
1452 
1452 
1450 
1451 
1450 
1452 
1452 
1451 
1452 
1450 
1451 
1451 
1451 
1450 
1450 
1451 
1451 
1451 
1450 
1450 
1452 
1450 
1451 
1450 
1449 
1449 
1451 
1450 
1450 
1451 
1450 
1451 
1450 
1453 
1447 
1451 
1451 
1451 
1450 
1452 
1451 
1450 
1451 
1452 
1450 
1452 
1450 
1451 
1450 
1449 
1452 
1451 
1450 
1453 
1447 
1452 
1450 
