1944.772921 
1950.103412 
1947.438166 
1947.438166 
1947.438166 
1944.772921 
1947.438166 
1944.772921 
1952.768657 
1947.438166 
1947.438166 
1950.103412 
1950.103412 
1950.103412 
1950.103412 
1952.768657 
1950.103412 
1950.103412 
1944.772921 
1952.768657 
1952.768657 
1950.103412 
1950.103412 
1950.103412 
1952.768657 
1950.103412 
1934.111940 
1950.103412 
1952.768657 
1952.768657 
1950.103412 
1952.768657 
1950.103412 
1955.433902 
1952.768657 
1950.103412 
1955.433902 
1952.768657 
1950.103412 
1952.768657 
1958.099147 
1952.768657 
1952.768657 
1952.768657 
1971.425373 
1955.433902 
1950.103412 
1947.438166 
1958.099147 
1955.433902 
1952.768657 
1958.099147 
1952.768657 
1955.433902 
1955.433902 
1955.433902 
1955.433902 
1952.768657 
1955.433902 
1952.768657 
1955.433902 
1955.433902 
1955.433902 
1955.433902 
1955.433902 
1958.099147 
1955.433902 
1950.103412 
1958.099147 
1955.433902 
1958.099147 
1955.433902 
1955.433902 
1955.433902 
1955.433902 
1955.433902 
1955.433902 
1958.099147 
1955.433902 
1958.099147 
1955.433902 
1958.099147 
1955.433902 
1955.433902 
1958.099147 
1958.099147 
1958.099147 
1955.433902 
1955.433902 
1958.099147 
1968.760128 
1955.433902 
1955.433902 
1958.099147 
1955.433902 
1958.099147 
1963.429638 
1958.099147 
1955.433902 
1958.099147 
1955.433902 
1955.433902 
1958.099147 
1955.433902 
1955.433902 
1958.099147 
1958.099147 
1955.433902 
1958.099147 
1960.764392 
1958.099147 
