1998.077825 
2000.743070 
2000.743070 
1992.747335 
2024.730277 
1998.077825 
1979.421109 
1992.747335 
2000.743070 
1995.412580 
2006.073561 
1992.747335 
1995.412580 
2000.743070 
1987.416844 
2000.743070 
1998.077825 
1998.077825 
1998.077825 
2000.743070 
1998.077825 
2003.408316 
2000.743070 
1998.077825 
2003.408316 
1998.077825 
2000.743070 
2000.743070 
2000.743070 
2003.408316 
2000.743070 
2000.743070 
2000.743070 
2000.743070 
1998.077825 
2000.743070 
2000.743070 
2003.408316 
2003.408316 
1998.077825 
2000.743070 
2000.743070 
2000.743070 
2000.743070 
2000.743070 
2003.408316 
2000.743070 
2000.743070 
2000.743070 
2003.408316 
2000.743070 
2000.743070 
2000.743070 
2003.408316 
2000.743070 
2000.743070 
2003.408316 
2003.408316 
2003.408316 
2000.743070 
2006.073561 
2003.408316 
2003.408316 
2000.743070 
2000.743070 
2006.073561 
2003.408316 
2003.408316 
2003.408316 
2003.408316 
2011.404051 
2000.743070 
2003.408316 
2003.408316 
2003.408316 
2003.408316 
2003.408316 
2006.073561 
2003.408316 
2006.073561 
2003.408316 
2000.743070 
2006.073561 
2003.408316 
1998.077825 
2006.073561 
2006.073561 
2006.073561 
2003.408316 
2003.408316 
2003.408316 
2003.408316 
2006.073561 
2003.408316 
2006.073561 
2003.408316 
2006.073561 
2006.073561 
2003.408316 
2006.073561 
2006.073561 
2003.408316 
2006.073561 
2006.073561 
2003.408316 
2003.408316 
2003.408316 
2006.073561 
2006.073561 
2006.073561 
2006.073561 
2006.073561 
2006.073561 
2003.408316 
2006.073561 
2008.738806 
2003.408316 
2011.404051 
2006.073561 
2006.073561 
2003.408316 
2000.743070 
2014.069296 
2000.743070 
2006.073561 
2006.073561 
2006.073561 
2006.073561 
2003.408316 
2008.738806 
2006.073561 
2008.738806 
2008.738806 
2003.408316 
2022.065032 
2011.404051 
2006.073561 
2003.408316 
2006.073561 
2003.408316 
2006.073561 
1995.412580 
2006.073561 
