2006.073561 
2006.073561 
2008.738806 
2006.073561 
2008.738806 
2008.738806 
2008.738806 
2008.738806 
2006.073561 
2011.404051 
2011.404051 
2011.404051 
2008.738806 
2011.404051 
2011.404051 
2008.738806 
2011.404051 
2008.738806 
2011.404051 
2011.404051 
2011.404051 
2011.404051 
2011.404051 
2008.738806 
2011.404051 
2014.069296 
2011.404051 
2011.404051 
2011.404051 
2011.404051 
2014.069296 
2014.069296 
2014.069296 
2011.404051 
2014.069296 
2014.069296 
2014.069296 
2011.404051 
2014.069296 
2011.404051 
2014.069296 
2014.069296 
2014.069296 
2016.734542 
2008.738806 
2016.734542 
2014.069296 
2016.734542 
2011.404051 
2016.734542 
2016.734542 
2014.069296 
2016.734542 
2011.404051 
2016.734542 
2014.069296 
2019.399787 
2014.069296 
2016.734542 
2016.734542 
2014.069296 
2016.734542 
2019.399787 
2016.734542 
2014.069296 
2014.069296 
2016.734542 
2016.734542 
2016.734542 
2014.069296 
2016.734542 
2014.069296 
2016.734542 
2008.738806 
2014.069296 
2016.734542 
2014.069296 
2016.734542 
2014.069296 
2019.399787 
2016.734542 
2016.734542 
2016.734542 
2019.399787 
2016.734542 
2016.734542 
2027.395522 
2014.069296 
2019.399787 
2008.738806 
2016.734542 
2019.399787 
2016.734542 
2014.069296 
2014.069296 
2019.399787 
2016.734542 
2016.734542 
2016.734542 
2008.738806 
2011.404051 
2024.730277 
