1992.747335 
1998.077825 
1998.077825 
1995.412580 
1998.077825 
1995.412580 
2000.743070 
1998.077825 
1998.077825 
1998.077825 
1998.077825 
1998.077825 
2000.743070 
1998.077825 
2003.408316 
1998.077825 
1998.077825 
2000.743070 
1998.077825 
2000.743070 
1998.077825 
2003.408316 
2003.408316 
2000.743070 
1998.077825 
2000.743070 
2003.408316 
2003.408316 
2003.408316 
2000.743070 
2003.408316 
2003.408316 
2003.408316 
2003.408316 
2003.408316 
2003.408316 
2003.408316 
2003.408316 
2003.408316 
2003.408316 
2003.408316 
2006.073561 
2006.073561 
2003.408316 
2000.743070 
2006.073561 
2006.073561 
2006.073561 
2006.073561 
2000.743070 
2006.073561 
2008.738806 
2006.073561 
2003.408316 
2006.073561 
2006.073561 
2006.073561 
2003.408316 
2006.073561 
2006.073561 
2006.073561 
2008.738806 
2006.073561 
2014.069296 
2016.734542 
2008.738806 
2008.738806 
2008.738806 
2008.738806 
2008.738806 
2006.073561 
2008.738806 
2006.073561 
2006.073561 
2006.073561 
2006.073561 
2008.738806 
2006.073561 
2008.738806 
2008.738806 
2006.073561 
2011.404051 
2008.738806 
2006.073561 
2006.073561 
2008.738806 
2000.743070 
2038.056503 
2014.069296 
2008.738806 
2008.738806 
2008.738806 
2008.738806 
2008.738806 
2011.404051 
2008.738806 
2011.404051 
2008.738806 
2011.404051 
2014.069296 
2008.738806 
2008.738806 
2003.408316 
2008.738806 
2008.738806 
2006.073561 
2011.404051 
2008.738806 
2011.404051 
2008.738806 
2008.738806 
2006.073561 
2011.404051 
2006.073561 
2008.738806 
2008.738806 
2008.738806 
2008.738806 
2008.738806 
2008.738806 
2011.404051 
2011.404051 
2011.404051 
2006.073561 
2008.738806 
2011.404051 
2011.404051 
2006.073561 
2008.738806 
2011.404051 
2008.738806 
2011.404051 
2006.073561 
2003.408316 
2008.738806 
2011.404051 
2008.738806 
2008.738806 
2014.069296 
2011.404051 
2008.738806 
2003.408316 
2008.738806 
2008.738806 
2019.399787 
