1995.412580 
1995.412580 
1998.077825 
1998.077825 
1990.082090 
1995.412580 
1998.077825 
1995.412580 
2000.743070 
1990.082090 
1995.412580 
1995.412580 
1998.077825 
2024.730277 
1992.747335 
2019.399787 
1998.077825 
1992.747335 
1995.412580 
1998.077825 
1995.412580 
2000.743070 
1998.077825 
1992.747335 
1998.077825 
2000.743070 
2000.743070 
1998.077825 
2000.743070 
2003.408316 
2003.408316 
2003.408316 
2000.743070 
2003.408316 
2000.743070 
2000.743070 
2000.743070 
1998.077825 
2003.408316 
1998.077825 
2003.408316 
1995.412580 
2000.743070 
2000.743070 
2003.408316 
2003.408316 
2003.408316 
2000.743070 
2003.408316 
2003.408316 
2000.743070 
2000.743070 
2000.743070 
2003.408316 
2000.743070 
2003.408316 
2003.408316 
2006.073561 
2003.408316 
2003.408316 
2003.408316 
2003.408316 
2006.073561 
2006.073561 
2000.743070 
2003.408316 
2003.408316 
2003.408316 
2003.408316 
2003.408316 
2003.408316 
2003.408316 
2003.408316 
2003.408316 
2003.408316 
2003.408316 
2003.408316 
2003.408316 
2006.073561 
2003.408316 
2000.743070 
2006.073561 
2003.408316 
2006.073561 
2003.408316 
2003.408316 
2006.073561 
2006.073561 
2003.408316 
2003.408316 
2006.073561 
2003.408316 
2006.073561 
2003.408316 
2003.408316 
2006.073561 
2003.408316 
2003.408316 
2003.408316 
2006.073561 
2003.408316 
2003.408316 
2006.073561 
2006.073561 
2006.073561 
2000.743070 
2006.073561 
2006.073561 
2006.073561 
2006.073561 
2006.073561 
2006.073561 
2006.073561 
2003.408316 
2003.408316 
2006.073561 
2003.408316 
2006.073561 
2003.408316 
2003.408316 
2006.073561 
2003.408316 
2014.069296 
2000.743070 
2003.408316 
2003.408316 
2006.073561 
