1979.421109 
1979.421109 
1979.421109 
2032.726013 
1960.764392 
2027.395522 
2014.069296 
1982.086354 
1984.751599 
1987.416844 
1990.082090 
1984.751599 
1984.751599 
1987.416844 
1990.082090 
1982.086354 
1987.416844 
1987.416844 
1990.082090 
1990.082090 
1987.416844 
1990.082090 
1992.747335 
1995.412580 
1990.082090 
1990.082090 
1990.082090 
1990.082090 
1990.082090 
1987.416844 
1995.412580 
1990.082090 
1995.412580 
1987.416844 
1992.747335 
1990.082090 
1990.082090 
1982.086354 
1976.755864 
2000.743070 
1990.082090 
1990.082090 
1987.416844 
1992.747335 
1992.747335 
1992.747335 
1992.747335 
1992.747335 
1992.747335 
1992.747335 
1992.747335 
1992.747335 
1992.747335 
1992.747335 
1992.747335 
1990.082090 
1992.747335 
1992.747335 
1992.747335 
1992.747335 
1992.747335 
1992.747335 
1992.747335 
1992.747335 
1995.412580 
1992.747335 
1992.747335 
1995.412580 
1992.747335 
1992.747335 
1992.747335 
1992.747335 
1995.412580 
1990.082090 
1992.747335 
1995.412580 
1995.412580 
1995.412580 
1984.751599 
1998.077825 
1992.747335 
1990.082090 
1992.747335 
1990.082090 
1995.412580 
1995.412580 
1995.412580 
1995.412580 
2014.069296 
1982.086354 
1995.412580 
2003.408316 
1992.747335 
1992.747335 
1998.077825 
1987.416844 
1995.412580 
1995.412580 
1995.412580 
1995.412580 
1992.747335 
1982.086354 
1990.082090 
1995.412580 
1995.412580 
2003.408316 
1995.412580 
1990.082090 
1987.416844 
1998.077825 
1987.416844 
1995.412580 
1995.412580 
1992.747335 
1992.747335 
1987.416844 
1992.747335 
1992.747335 
