1982.086354 
1974.090618 
1984.751599 
1979.421109 
1976.755864 
1979.421109 
1976.755864 
1979.421109 
1982.086354 
1982.086354 
1979.421109 
1984.751599 
1982.086354 
1979.421109 
1982.086354 
1982.086354 
1987.416844 
1990.082090 
1982.086354 
1979.421109 
1984.751599 
1987.416844 
1990.082090 
1982.086354 
1987.416844 
1990.082090 
1987.416844 
1990.082090 
1987.416844 
1990.082090 
1987.416844 
1990.082090 
1990.082090 
1990.082090 
1990.082090 
1987.416844 
1990.082090 
1992.747335 
1990.082090 
1992.747335 
1979.421109 
1990.082090 
1971.425373 
1982.086354 
1987.416844 
1990.082090 
1990.082090 
1992.747335 
1990.082090 
1995.412580 
1995.412580 
1992.747335 
1992.747335 
1992.747335 
1990.082090 
1990.082090 
1990.082090 
1995.412580 
1987.416844 
1990.082090 
1990.082090 
1992.747335 
2006.073561 
1987.416844 
1992.747335 
1992.747335 
1995.412580 
1992.747335 
1992.747335 
1992.747335 
1987.416844 
1992.747335 
1992.747335 
1995.412580 
1992.747335 
1992.747335 
1992.747335 
1995.412580 
1992.747335 
1992.747335 
1992.747335 
1992.747335 
1995.412580 
1990.082090 
1992.747335 
1992.747335 
1992.747335 
1992.747335 
1992.747335 
1998.077825 
1992.747335 
1992.747335 
1979.421109 
1995.412580 
1990.082090 
1992.747335 
1992.747335 
1992.747335 
1995.412580 
1990.082090 
1992.747335 
1992.747335 
1995.412580 
1992.747335 
1992.747335 
1995.412580 
