1396 
1405 
1398 
1399 
1396 
1399 
1402 
1397 
1396 
1395 
1397 
1396 
1397 
1396 
1394 
1395 
1399 
1397 
1399 
1397 
1394 
1396 
1398 
1399 
1399 
1398 
1397 
1400 
1398 
1396 
1398 
1392 
1394 
1400 
1399 
1397 
1401 
1395 
1403 
1403 
1394 
1395 
1403 
1399 
1396 
1394 
1396 
1396 
1396 
1395 
1397 
1396 
1391 
1396 
1396 
1395 
1392 
1394 
1398 
1398 
1396 
1396 
1398 
1398 
1393 
1395 
1392 
1393 
1395 
1397 
1395 
1395 
1396 
1397 
1394 
1393 
1395 
1395 
1395 
1389 
1392 
1395 
1395 
1394 
1396 
1395 
1396 
1394 
1394 
1394 
1400 
1395 
1395 
1394 
1395 
1395 
1393 
1395 
1396 
1394 
1395 
1395 
1395 
1393 
1398 
1396 
1396 
1394 
1395 
1395 
1393 
1399 
1395 
1395 
1395 
1395 
1394 
1396 
1396 
1394 
1394 
1395 
1394 
1394 
1395 
1395 
1394 
1395 
1396 
1395 
1391 
1395 
1395 
1394 
1395 
1395 
1393 
1398 
1396 
1394 
1395 
1395 
1394 
1392 
1392 
1395 
1395 
1397 
1394 
1395 
1395 
1395 
1395 
1393 
1394 
1396 
1394 
1395 
1397 
1394 
1390 
1396 
1396 
1394 
1395 
1395 
1394 
1394 
1396 
1395 
1392 
1395 
1397 
1390 
1395 
1395 
1396 
1394 
1398 
1395 
1394 
1394 
1395 
1393 
1394 
1393 
1395 
1395 
1397 
1399 
1399 
1397 
1395 
1394 
1395 
1394 
1395 
1394 
1396 
1394 
1394 
1393 
1397 
1391 
1394 
1392 
1391 
1395 
1394 
1395 
1393 
1395 
1397 
1394 
1393 
1396 
1396 
1395 
1394 
1396 
1395 
1395 
1394 
1393 
1393 
1393 
1394 
1394 
1394 
1394 
1393 
1393 
1395 
1394 
1394 
1394 
1394 
1394 
1394 
1395 
1397 
1395 
1396 
1396 
1394 
1393 
1395 
1393 
1394 
1394 
1395 
1393 
1397 
1394 
1395 
1394 
1395 
1393 
1396 
1400 
1395 
1393 
1399 
1392 
1390 
1392 
1394 
1393 
1391 
1394 
1395 
1396 
1395 
1393 
1393 
1393 
1394 
1393 
1394 
1392 
1393 
1394 
1394 
1395 
1396 
1392 
1396 
1395 
1393 
1394 
1392 
1395 
1393 
1397 
1396 
1395 
1395 
1392 
1393 
1393 
1397 
1395 
1393 
1396 
1393 
1394 
1395 
1395 
1392 
1393 
1395 
1394 
1393 
1395 
1395 
1394 
1396 
1395 
1395 
1395 
1395 
1396 
1391 
1392 
1392 
1397 
1393 
1395 
1394 
1394 
1396 
1395 
1394 
1400 
1394 
1393 
1390 
1397 
1392 
1394 
1396 
1385 
1390 
1396 
1397 
1395 
1392 
1396 
1393 
1392 
1394 
1395 
1396 
1395 
1395 
1394 
1395 
1395 
1393 
1393 
1395 
1396 
1394 
