1974.090618 
1979.421109 
1968.760128 
1987.416844 
1982.086354 
1982.086354 
1984.751599 
1990.082090 
1979.421109 
1982.086354 
1984.751599 
1984.751599 
1987.416844 
1979.421109 
1992.747335 
1987.416844 
1990.082090 
1987.416844 
1990.082090 
1990.082090 
1995.412580 
1995.412580 
1984.751599 
1990.082090 
1990.082090 
1987.416844 
1982.086354 
1992.747335 
1990.082090 
1992.747335 
1987.416844 
1955.433902 
1982.086354 
1998.077825 
1984.751599 
1990.082090 
1992.747335 
1990.082090 
1968.760128 
1995.412580 
1987.416844 
1990.082090 
1979.421109 
2000.743070 
1992.747335 
1990.082090 
1992.747335 
2006.073561 
1990.082090 
1987.416844 
1995.412580 
1992.747335 
1995.412580 
1990.082090 
1992.747335 
1992.747335 
1963.429638 
2000.743070 
1992.747335 
1992.747335 
1990.082090 
1992.747335 
1992.747335 
1990.082090 
1992.747335 
1992.747335 
1992.747335 
1995.412580 
1998.077825 
1992.747335 
1990.082090 
1992.747335 
1995.412580 
1995.412580 
1995.412580 
1998.077825 
1992.747335 
1992.747335 
1904.794243 
2003.408316 
1990.082090 
1990.082090 
1995.412580 
1990.082090 
1944.772921 
1992.747335 
1987.416844 
1992.747335 
2003.408316 
1998.077825 
1990.082090 
1995.412580 
2000.743070 
1995.412580 
1992.747335 
1998.077825 
1992.747335 
1995.412580 
1995.412580 
1995.412580 
1990.082090 
1995.412580 
1995.412580 
1992.747335 
1992.747335 
1995.412580 
1990.082090 
2000.743070 
1995.412580 
1998.077825 
1995.412580 
1995.412580 
1998.077825 
2000.743070 
1990.082090 
1992.747335 
1995.412580 
2016.734542 
1990.082090 
1990.082090 
1995.412580 
2003.408316 
