2003.408316 
2006.073561 
2006.073561 
2003.408316 
2006.073561 
2003.408316 
2000.743070 
2006.073561 
2006.073561 
2008.738806 
2003.408316 
2006.073561 
2006.073561 
2006.073561 
2006.073561 
2006.073561 
2006.073561 
2006.073561 
2008.738806 
2006.073561 
2008.738806 
2006.073561 
2006.073561 
2008.738806 
2006.073561 
2006.073561 
2008.738806 
2008.738806 
2032.726013 
2008.738806 
2006.073561 
2008.738806 
2008.738806 
2008.738806 
2008.738806 
2008.738806 
2008.738806 
2003.408316 
2008.738806 
2006.073561 
1998.077825 
2006.073561 
2014.069296 
2000.743070 
2000.743070 
2008.738806 
2014.069296 
2014.069296 
2008.738806 
2011.404051 
2011.404051 
2011.404051 
2006.073561 
2008.738806 
2008.738806 
2011.404051 
2008.738806 
2014.069296 
2008.738806 
2011.404051 
2008.738806 
2008.738806 
2008.738806 
2008.738806 
2008.738806 
2008.738806 
2008.738806 
2011.404051 
2011.404051 
2006.073561 
2008.738806 
2008.738806 
2008.738806 
2008.738806 
2008.738806 
2011.404051 
2008.738806 
2008.738806 
2008.738806 
2008.738806 
2011.404051 
2011.404051 
2008.738806 
2011.404051 
2011.404051 
2008.738806 
2008.738806 
2008.738806 
2011.404051 
2011.404051 
2008.738806 
2011.404051 
2008.738806 
2011.404051 
2008.738806 
2011.404051 
2014.069296 
2011.404051 
2008.738806 
2008.738806 
2008.738806 
2008.738806 
2008.738806 
2008.738806 
2022.065032 
2011.404051 
2008.738806 
2014.069296 
2011.404051 
2014.069296 
2011.404051 
2008.738806 
2003.408316 
2011.404051 
2014.069296 
2008.738806 
2011.404051 
2011.404051 
2011.404051 
2011.404051 
2008.738806 
2006.073561 
2011.404051 
2008.738806 
2008.738806 
2011.404051 
2014.069296 
2008.738806 
2008.738806 
2011.404051 
2008.738806 
2011.404051 
2008.738806 
2014.069296 
2014.069296 
2011.404051 
1974.090618 
2006.073561 
2008.738806 
2014.069296 
2008.738806 
2011.404051 
2011.404051 
2019.399787 
2008.738806 
2011.404051 
2011.404051 
2011.404051 
2008.738806 
2014.069296 
2014.069296 
2008.738806 
2014.069296 
2014.069296 
2008.738806 
2011.404051 
2011.404051 
2006.073561 
2011.404051 
2011.404051 
2008.738806 
2011.404051 
2014.069296 
2011.404051 
2011.404051 
2008.738806 
2011.404051 
2011.404051 
1979.421109 
2003.408316 
2011.404051 
2011.404051 
2011.404051 
2014.069296 
2006.073561 
2014.069296 
2000.743070 
2014.069296 
2008.738806 
2011.404051 
2011.404051 
2011.404051 
2011.404051 
2011.404051 
2008.738806 
2011.404051 
2014.069296 
2011.404051 
1982.086354 
1998.077825 
2000.743070 
2011.404051 
2008.738806 
2008.738806 
2011.404051 
2019.399787 
2046.052239 
2016.734542 
2014.069296 
2016.734542 
2011.404051 
2011.404051 
2011.404051 
2014.069296 
2014.069296 
1998.077825 
2016.734542 
2032.726013 
2016.734542 
2011.404051 
2011.404051 
2011.404051 
2014.069296 
2014.069296 
2011.404051 
