2194 
2197 
2195 
2194 
2195 
2193 
2197 
2196 
2195 
2196 
2192 
2192 
2195 
2194 
2196 
2197 
2193 
2197 
2196 
2197 
2194 
2197 
2197 
2194 
2196 
2192 
2197 
2194 
2194 
2195 
2194 
2194 
2196 
2194 
2196 
2197 
2196 
2196 
2194 
2192 
2194 
2196 
2196 
2194 
2197 
2194 
2197 
2196 
2194 
2196 
2194 
2194 
2196 
2190 
2195 
2197 
2195 
2196 
2194 
2197 
2192 
2195 
2197 
2194 
2191 
2196 
2197 
2196 
2194 
2194 
2192 
2197 
2196 
2194 
2194 
2195 
2197 
2197 
2194 
2194 
2192 
2197 
2197 
2194 
2194 
2197 
2195 
2197 
2192 
2193 
2195 
2194 
2195 
2196 
2194 
2196 
2197 
2197 
2194 
2195 
2195 
2196 
2194 
2195 
2194 
2197 
2192 
2197 
2194 
2197 
2195 
2196 
2195 
2196 
2197 
2194 
2196 
2197 
2197 
2195 
2192 
2194 
2197 
2193 
2195 
2196 
2198 
2196 
2197 
2198 
2196 
2194 
2197 
2192 
2196 
2195 
2197 
2197 
2197 
2196 
2196 
2192 
2196 
2195 
2194 
2197 
2197 
2194 
2194 
2197 
2194 
2193 
2197 
2197 
2197 
2196 
2196 
2195 
2197 
2197 
2194 
2192 
2196 
2192 
2197 
2197 
2195 
2195 
2196 
2196 
2197 
2192 
2197 
2196 
2194 
2196 
2197 
2196 
2192 
2196 
2197 
2192 
2197 
2196 
2195 
2197 
2197 
2193 
2195 
2195 
2195 
2194 
2196 
2194 
2194 
2196 
2196 
2196 
2195 
2197 
2194 
2194 
2194 
2195 
2194 
2197 
2195 
2197 
2194 
2194 
2195 
2196 
2195 
2195 
2194 
2197 
2197 
2195 
2196 
2192 
2195 
2197 
2197 
2194 
2192 
2195 
2197 
2195 
2194 
2193 
2195 
2194 
2196 
2196 
2192 
2197 
2195 
2196 
2195 
2194 
2197 
2192 
2192 
2194 
2194 
2196 
2197 
2195 
2197 
2192 
2196 
2194 
2195 
2194 
2194 
2194 
2197 
2197 
2197 
2194 
2201 
2202 
2199 
2202 
2200 
2203 
2201 
2199 
