2188 
2192 
2193 
2193 
2192 
2190 
2190 
2190 
2193 
2193 
2189 
2192 
2193 
2192 
2193 
2190 
2191 
2191 
2190 
2189 
2189 
2190 
2193 
2193 
2192 
2190 
2191 
2190 
2191 
2192 
2189 
2192 
2192 
2191 
2191 
2189 
2192 
2188 
2192 
2190 
2192 
2190 
2193 
2192 
2190 
2193 
2192 
2190 
2192 
2191 
2192 
2193 
2190 
2193 
2192 
2192 
2193 
2190 
2193 
2191 
2190 
2190 
2192 
2192 
2190 
2192 
2189 
2188 
2190 
2192 
2193 
2193 
2192 
2193 
2193 
2190 
2188 
2190 
2190 
2190 
2191 
2190 
2192 
2192 
2192 
2190 
2190 
2190 
2193 
2191 
2193 
2190 
2191 
2192 
2192 
2191 
2190 
2188 
2189 
2191 
2193 
2190 
2190 
2190 
2192 
2192 
2188 
2192 
2191 
2188 
2193 
2189 
2192 
2193 
2192 
2193 
2190 
2191 
2192 
2192 
2188 
2189 
2193 
2192 
2193 
2193 
2188 
2192 
2192 
2193 
2193 
2190 
2193 
2188 
2192 
2191 
2189 
2193 
