2183 
2185 
2186 
2186 
2186 
2181 
2186 
2185 
2185 
2183 
2184 
2184 
2187 
2186 
2184 
2183 
2182 
2185 
2183 
2186 
2183 
2186 
2185 
2186 
2186 
2183 
2186 
2183 
2184 
2185 
2183 
2185 
2183 
2185 
2184 
2183 
2184 
2184 
2186 
2183 
2183 
2186 
2181 
2186 
2185 
2182 
2185 
2186 
2185 
2185 
2182 
2186 
2184 
2186 
2186 
2183 
2186 
2184 
2186 
2187 
2183 
2186 
2181 
2185 
2184 
2183 
2186 
2183 
2184 
2184 
2181 
2185 
2181 
2184 
2186 
2183 
2185 
2186 
2186 
2185 
2183 
2184 
2183 
2184 
2183 
2183 
2184 
2186 
2184 
2186 
2184 
2184 
2183 
2188 
2186 
2183 
2186 
2186 
2186 
2184 
2186 
2185 
2183 
2184 
2186 
2183 
2184 
2185 
2184 
2184 
2186 
2183 
2181 
2186 
2184 
2184 
2184 
2186 
2184 
2184 
2186 
2186 
2184 
2186 
2183 
2186 
2186 
2184 
2185 
2186 
2184 
2186 
2186 
2186 
2186 
2185 
2183 
2185 
2181 
2186 
2186 
2185 
2184 
2185 
2183 
2184 
2183 
2184 
2185 
2181 
2186 
2183 
2186 
2186 
2186 
2185 
2183 
2186 
2184 
2184 
2186 
2183 
2184 
2186 
2185 
2183 
2183 
2186 
2186 
2186 
2187 
2181 
2186 
2185 
2184 
2184 
2183 
2186 
2183 
2185 
2186 
2180 
2186 
2183 
2184 
2186 
2183 
2186 
2185 
2184 
2186 
2181 
2181 
2183 
2187 
2185 
2183 
2186 
2185 
2183 
2183 
2183 
2186 
2184 
2184 
2183 
