2178 
2175 
2177 
2178 
2179 
2173 
2178 
2173 
2173 
2174 
2178 
2172 
2178 
2174 
2178 
2174 
2177 
2178 
2171 
2174 
2171 
2173 
2178 
2178 
2174 
2174 
2175 
2178 
2173 
2178 
2178 
2173 
2173 
2178 
2173 
2173 
2173 
2174 
2172 
2177 
2178 
2173 
2178 
2177 
2179 
2178 
2178 
2178 
2173 
2178 
2177 
2173 
2175 
2174 
2175 
2175 
2175 
2173 
2172 
2174 
2178 
2173 
2175 
2173 
2177 
2177 
2177 
2174 
2171 
2177 
2173 
2173 
2177 
2178 
2173 
2175 
2175 
2175 
2173 
2175 
2175 
2173 
2176 
2175 
2175 
2178 
2177 
2173 
2175 
2173 
2173 
2171 
2173 
2175 
2174 
2175 
2175 
2171 
2175 
2173 
2175 
2173 
2175 
2175 
2174 
2175 
2175 
2175 
2172 
2172 
2175 
2172 
2173 
2175 
2175 
2171 
2175 
2175 
2175 
2172 
2175 
2172 
2175 
2175 
2175 
2173 
2173 
2175 
2173 
2173 
2173 
2173 
2175 
2174 
2174 
2174 
2175 
2175 
2175 
2173 
2175 
2175 
2173 
2175 
2174 
2175 
2173 
2175 
2178 
2173 
2175 
2173 
2175 
2173 
2173 
2172 
2175 
2175 
2175 
2172 
2175 
2175 
