2158 
2160 
2160 
2160 
2160 
2159 
2159 
2160 
2160 
2159 
2158 
2160 
2158 
2160 
2158 
2159 
2160 
2159 
2160 
2160 
2158 
2159 
2160 
2159 
2160 
2158 
2159 
2160 
2158 
2158 
2158 
2160 
2160 
2159 
2158 
2160 
2159 
2160 
2159 
2160 
2158 
2158 
2160 
2159 
2160 
2160 
2158 
2160 
2159 
2158 
2158 
2160 
2159 
2160 
2160 
2159 
2160 
2160 
2159 
2159 
2159 
2159 
2156 
2158 
2160 
2159 
2158 
2159 
2159 
2159 
2159 
2159 
2158 
2159 
2159 
2158 
2159 
2159 
2160 
2159 
2158 
2158 
2160 
2159 
2158 
2162 
2160 
2158 
2159 
2158 
2158 
2158 
2158 
2159 
2158 
2158 
2159 
2159 
2159 
2160 
2159 
2157 
2158 
2157 
2159 
2159 
2159 
2159 
2158 
2159 
2159 
2158 
2159 
2157 
2158 
2160 
2159 
2159 
2159 
2159 
2159 
2158 
2158 
2159 
2159 
2158 
2158 
2158 
2159 
2159 
2159 
2158 
2158 
2159 
2158 
2160 
2158 
2159 
2159 
2159 
2159 
2158 
2159 
2158 
2158 
2159 
2159 
2159 
2158 
2158 
2158 
2156 
2158 
2159 
2158 
2159 
2158 
2159 
2156 
2159 
2159 
2158 
2159 
2159 
2159 
2158 
2158 
2156 
2156 
2157 
2158 
2158 
2158 
2159 
2158 
2161 
2157 
2158 
2159 
2158 
2158 
2159 
2158 
2158 
2159 
2158 
2159 
2158 
2158 
2159 
2157 
2158 
2158 
2158 
2159 
2158 
2158 
2159 
2159 
2158 
2159 
2158 
2156 
2157 
2158 
2158 
2159 
2156 
2159 
2159 
2157 
2159 
2156 
2159 
2159 
2158 
2158 
2159 
2158 
2158 
2158 
2158 
2157 
2158 
2159 
2158 
2159 
2159 
2159 
2159 
2158 
2160 
2157 
2159 
2158 
2159 
2159 
2159 
2159 
2158 
2159 
2159 
2157 
2158 
2158 
2159 
2159 
2159 
2158 
2159 
2159 
2159 
2158 
2158 
2159 
2160 
2158 
2158 
2159 
2158 
2159 
2158 
2157 
2157 
2158 
2159 
2159 
2160 
2159 
2159 
2159 
2159 
2159 
2158 
2159 
2158 
2159 
2158 
2159 
2158 
2159 
2158 
2158 
2156 
2157 
2158 
2158 
2159 
2159 
2159 
2159 
2159 
2158 
