2129 
2129 
2129 
2129 
2129 
2129 
2129 
2128 
2129 
2128 
2128 
2128 
2128 
2130 
2128 
2129 
2128 
2128 
2128 
2130 
2129 
2128 
2127 
2128 
2128 
2128 
2128 
2127 
2128 
2128 
2128 
2124 
2125 
2128 
2126 
2127 
2128 
2128 
2129 
2128 
2127 
2127 
2127 
2127 
2127 
2127 
2127 
2127 
2128 
2128 
2127 
2127 
2128 
2127 
2127 
2127 
2127 
2127 
2126 
2127 
2128 
2127 
2128 
2127 
2127 
2127 
2127 
2126 
2127 
2127 
2127 
2126 
2127 
2126 
2126 
2127 
2123 
2127 
2127 
2127 
2127 
2127 
2126 
2127 
2126 
2126 
2129 
2127 
2126 
2127 
2127 
2126 
2127 
2127 
2126 
2126 
2127 
2127 
2126 
2127 
2128 
2127 
2127 
2127 
2126 
2126 
2125 
2126 
2125 
2126 
2126 
2126 
2127 
2127 
2127 
2126 
2126 
2127 
2126 
2126 
2126 
2126 
2126 
2127 
2126 
2126 
2126 
2126 
2126 
2125 
2127 
2126 
2126 
2126 
2126 
2128 
2126 
