2086 
2087 
2085 
2087 
2086 
2086 
2086 
2086 
2086 
2078 
2086 
2084 
2086 
2083 
2085 
2085 
2086 
2085 
2087 
2084 
2089 
2083 
2085 
2085 
2084 
2092 
2084 
2084 
2085 
2084 
2084 
2084 
2084 
2085 
2084 
2081 
2081 
2087 
2083 
2085 
2087 
2084 
2087 
2083 
2083 
2082 
2084 
2080 
2081 
2081 
2082 
2080 
2081 
2082 
2081 
2082 
2081 
2080 
2081 
2080 
2080 
2080 
2080 
2081 
2080 
2081 
2081 
2079 
2080 
2080 
2080 
2077 
2080 
2079 
2079 
2080 
2078 
2079 
2081 
2079 
2080 
2079 
2079 
2080 
2079 
2079 
2079 
2079 
2079 
2079 
2079 
2079 
2080 
2079 
2077 
2078 
2081 
2078 
2078 
2080 
2079 
2078 
2079 
2078 
2078 
2078 
2078 
2078 
2076 
2077 
2078 
2077 
2078 
2078 
2077 
2077 
2077 
2077 
2073 
2077 
2077 
2079 
2076 
2077 
2077 
2077 
2077 
2076 
2076 
2076 
2076 
2075 
2076 
2076 
2076 
2076 
2076 
2076 
2076 
2076 
2076 
2074 
2075 
2076 
2075 
2073 
2076 
2075 
2075 
2075 
2075 
2074 
2075 
2070 
2075 
2076 
2074 
2074 
2074 
