2025 
2025 
2025 
2024 
2023 
2025 
2024 
2023 
2024 
2023 
2023 
2023 
2022 
2023 
2023 
2021 
2022 
2020 
2021 
2020 
2021 
2020 
2022 
2019 
2020 
2019 
2019 
2019 
2018 
2018 
2018 
2017 
2017 
2017 
2017 
2016 
2016 
2016 
2016 
2015 
2015 
2015 
2011 
2015 
2014 
2013 
2014 
2012 
2013 
2012 
2012 
2012 
2012 
2011 
2013 
2011 
2012 
2010 
2010 
2010 
2010 
2010 
2010 
2010 
2009 
2009 
2009 
2009 
2008 
2008 
2005 
2007 
2007 
2007 
2006 
2007 
2007 
2006 
2006 
2006 
2005 
2005 
2006 
2005 
2005 
2005 
2005 
2004 
2004 
2004 
2003 
2003 
2003 
2003 
2003 
2002 
2003 
2002 
2002 
2002 
2001 
2002 
2001 
2001 
2000 
2001 
2001 
2000 
2001 
2000 
2000 
2000 
2000 
1999 
2000 
1998 
1999 
1998 
1999 
1999 
1999 
1997 
1998 
2002 
1997 
1997 
1998 
1997 
1997 
1997 
1997 
1996 
1997 
1997 
1996 
1995 
1997 
1996 
1995 
1993 
1996 
1995 
1995 
1995 
1995 
1995 
1995 
1994 
1995 
1994 
1994 
1994 
1995 
1994 
1994 
1992 
1992 
1994 
1992 
1993 
1996 
1992 
1993 
1993 
1993 
1992 
1992 
